Type,Friends,Studies,Parents,Sleep
Introvert,25,45,20,10
Introvert,10,60,15,15
Introvert,40,40,10,10
Introvert,15,50,15,20
Introvert,20,45,25,10
Introvert,30,50,10,10
Introvert,5,70,10,15
Introvert,12,65,13,10
Introvert,22,42,22,14
Introvert,25,49,10,16
Extrovert,50,30,10,10
Extrovert,40,20,30,10
Extrovert,45,20,20,15
Extrovert,45,35,5,15
Extrovert,25,50,10,15
Extrovert,36,14,30,20
Extrovert,44,36,15,15
Extrovert,25,25,25,25
Extrovert,30,30,20,20
Extrovert,35,25,20,20
